            
 1.000000000E-003  1.004305232E+002  2.259273445E+000 
 2.000000000E-003  1.910302070E+002  2.473101743E+000 
 3.000000000E-003  2.629305232E+002  2.642796841E+000 
 4.000000000E-003  3.090933678E+002  2.751747800E+000 
 5.000000000E-003  3.250000000E+002  2.789289742E+000 
 6.000000000E-003  3.090933678E+002  2.751747800E+000 
 7.000000000E-003  2.629305232E+002  2.642796841E+000 
 8.000000000E-003  1.910302070E+002  2.473101743E+000 
 9.000000000E-003  1.004305232E+002  2.259273445E+000 
 1.000000000E-002 -6.750616780E-011  2.022242951E+000 
 1.100000000E-002 -1.004305232E+002  1.785212458E+000 
 1.200000000E-002 -1.910302070E+002  1.571384160E+000 
 1.300000000E-002 -2.629305232E+002  1.401689062E+000 
 1.400000000E-002 -3.090933678E+002  1.292738103E+000 
 1.500000000E-002 -3.250000000E+002  1.255196160E+000 
 1.600000000E-002 -3.090933678E+002  1.292738103E+000 
 1.700000000E-002 -2.629305232E+002  1.401689062E+000 
 1.800000000E-002 -1.910302070E+002  1.571384160E+000 
 1.900000000E-002 -1.004305232E+002  1.785212458E+000 
 2.000000000E-002  1.355896516E-010  2.022242951E+000 
 2.100000000E-002  1.004305232E+002  2.259273445E+000 
 2.200000000E-002  1.910302070E+002  2.473101743E+000 
 2.300000000E-002  2.629305232E+002  2.642796841E+000 
 2.400000000E-002  3.090933678E+002  2.751747800E+000 
 2.500000000E-002  3.250000000E+002  2.789289742E+000 
 2.600000000E-002  3.090933678E+002  2.751747800E+000 
 2.700000000E-002  2.629305232E+002  2.642796841E+000 
 2.800000000E-002  1.910302070E+002  2.473101743E+000 
 2.900000000E-002  1.004305232E+002  2.259273445E+000 
 3.000000000E-002 -2.036731353E-010  2.022242951E+000 
 3.100000000E-002 -1.004305232E+002  1.785212458E+000 
 3.200000000E-002 -1.910302070E+002  1.571384160E+000 
 3.300000000E-002 -2.629305232E+002  1.401689062E+000 
 3.400000000E-002 -3.090933678E+002  1.292738103E+000 
 3.500000000E-002 -3.250000000E+002  1.255196160E+000 
 3.600000000E-002 -3.090933678E+002  1.292738103E+000 
 3.700000000E-002 -2.629305232E+002  1.401689062E+000 
 3.800000000E-002 -1.910302070E+002  1.571384160E+000 
 3.900000000E-002 -1.004305232E+002  1.785212458E+000 
 4.000000000E-002  2.717566191E-010  2.022242951E+000 
 4.100000000E-002  1.004305232E+002  2.259273445E+000 
 4.200000000E-002  1.910302070E+002  2.473101743E+000 
 4.300000000E-002  2.629305232E+002  2.642796841E+000 
 4.400000000E-002  3.090933678E+002  2.751747800E+000 
 4.500000000E-002  3.250000000E+002  2.789289742E+000 
 4.600000000E-002  3.090933678E+002  2.751747800E+000 
 4.700000000E-002  2.629305232E+002  2.642796841E+000 
 4.800000000E-002  1.910302070E+002  2.473101743E+000 
 4.900000000E-002  1.004305232E+002  2.259273445E+000 
 5.000000000E-002 -3.398401029E-010  2.022242951E+000 
 5.100000000E-002 -1.004305232E+002  1.785212458E+000 
 5.200000000E-002 -1.910302070E+002  1.571384160E+000 
 5.300000000E-002 -2.629305232E+002  1.401689062E+000 
 5.400000000E-002 -3.090933678E+002  1.292738103E+000 
 5.500000000E-002 -3.250000000E+002  1.255196160E+000 
 5.600000000E-002 -3.090933678E+002  1.292738103E+000 
 5.700000000E-002 -2.629305232E+002  1.401689062E+000 
 5.800000000E-002 -1.910302070E+002  1.571384160E+000 
 5.900000000E-002 -1.004305232E+002  1.785212458E+000 
 6.000000000E-002  4.085009026E-010  2.022242951E+000 
 6.100000000E-002  1.004305232E+002  2.259273445E+000 
 6.200000000E-002  1.910302070E+002  2.473101743E+000 
 6.300000000E-002  2.629305232E+002  2.642796841E+000 
 6.400000000E-002  3.090933678E+002  2.751747800E+000 
 6.500000000E-002  3.250000000E+002  2.789289742E+000 
 6.600000000E-002  3.090933678E+002  2.751747800E+000 
 6.700000000E-002  2.629305232E+002  2.642796841E+000 
 6.800000000E-002  1.910302070E+002  2.473101743E+000 
 6.900000000E-002  1.004305232E+002  2.259273445E+000 
 7.000000000E-002 -4.754297544E-010  2.022242951E+000 
 7.100000000E-002 -1.004305232E+002  1.785212458E+000 
 7.200000000E-002 -1.910302070E+002  1.571384160E+000 
 7.300000000E-002 -2.629305232E+002  1.401689062E+000 
 7.400000000E-002 -3.090933678E+002  1.292738103E+000 
 7.500000000E-002 -3.250000000E+002  1.255196160E+000 
 7.600000000E-002 -3.090933678E+002  1.292738103E+000 
 7.700000000E-002 -2.629305232E+002  1.401689062E+000 
 7.800000000E-002 -1.910302070E+002  1.571384160E+000 
 7.900000000E-002 -1.004305232E+002  1.785212458E+000 
 8.000000000E-002  5.435132382E-010  2.022242951E+000 
 8.100000000E-002  1.004305232E+002  2.259273445E+000 
 8.200000000E-002  1.910302070E+002  2.473101743E+000 
 8.300000000E-002  2.629305232E+002  2.642796841E+000 
 8.400000000E-002  3.090933678E+002  2.751747800E+000 
 8.500000000E-002  3.250000000E+002  2.789289742E+000 
 8.600000000E-002  3.090933678E+002  2.751747800E+000 
 8.700000000E-002  2.629305232E+002  2.642796841E+000 
 8.800000000E-002  1.910302070E+002  2.473101743E+000 
 8.900000000E-002  1.004305232E+002  2.259273445E+000 
 9.000000000E-002 -6.115967220E-010  2.022242951E+000 
 9.100000000E-002 -1.004305232E+002  1.785212458E+000 
 9.200000000E-002 -1.910302070E+002  1.571384160E+000 
 9.300000000E-002 -2.629305232E+002  1.401689062E+000 
 9.400000000E-002 -3.090933678E+002  1.292738103E+000 
 9.500000000E-002 -3.250000000E+002  1.255196160E+000 
 9.600000000E-002 -3.090933678E+002  1.292738103E+000 
 9.700000000E-002 -2.629305232E+002  1.401689062E+000 
 9.800000000E-002 -1.910302070E+002  1.571384160E+000 
 9.900000000E-002 -1.004305232E+002  1.785212458E+000 
 1.000000000E-001  6.796802058E-010  2.022242951E+000 
 1.010000000E-001  1.004305232E+002  2.259273445E+000 
 1.020000000E-001  1.910302070E+002  2.473101743E+000 
 1.030000000E-001  2.629305232E+002  2.642796841E+000 
 1.040000000E-001  3.090933678E+002  2.751747800E+000 
 1.050000000E-001  3.250000000E+002  2.789289742E+000 
 1.060000000E-001  3.090933678E+002  2.751747800E+000 
 1.070000000E-001  2.629305232E+002  2.642796841E+000 
 1.080000000E-001  1.910302070E+002  2.473101743E+000 
 1.090000000E-001  1.004305232E+002  2.259273445E+000 
 1.100000000E-001 -7.489183215E-010  2.022242951E+000 
 1.110000000E-001 -1.004305232E+002  1.785212458E+000 
 1.120000000E-001 -1.910302070E+002  1.571384160E+000 
 1.130000000E-001 -2.629305232E+002  1.401689062E+000 
 1.140000000E-001 -3.090933678E+002  1.292738103E+000 
 1.150000000E-001 -3.250000000E+002  1.255196160E+000 
 1.160000000E-001 -3.090933678E+002  1.292738103E+000 
 1.170000000E-001 -2.629305232E+002  1.401689062E+000 
 1.180000000E-001 -1.910302070E+002  1.571384160E+000 
 1.190000000E-001 -1.004305232E+002  1.785212458E+000 
 1.200000000E-001  8.170018052E-010  2.022242951E+000 
 1.210000000E-001  1.004305232E+002  2.259273445E+000 
 1.220000000E-001  1.910302070E+002  2.473101743E+000 
 1.230000000E-001  2.629305232E+002  2.642796841E+000 
 1.240000000E-001  3.090933678E+002  2.751747800E+000 
 1.250000000E-001  3.250000000E+002  2.789289742E+000 
 1.260000000E-001  3.090933678E+002  2.751747800E+000 
 1.270000000E-001  2.629305232E+002  2.642796841E+000 
 1.280000000E-001  1.910302070E+002  2.473101743E+000 
 1.290000000E-001  1.004305232E+002  2.259273445E+000 
 1.300000000E-001 -8.827760251E-010  2.022242951E+000 
 1.310000000E-001 -1.004305232E+002  1.785212458E+000 
 1.320000000E-001 -1.910302070E+002  1.571384160E+000 
 1.330000000E-001 -2.629305232E+002  1.401689062E+000 
 1.340000000E-001 -3.090933678E+002  1.292738103E+000 
 1.350000000E-001 -3.250000000E+002  1.255196160E+000 
 1.360000000E-001 -3.090933678E+002  1.292738103E+000 
 1.370000000E-001 -2.629305232E+002  1.401689062E+000 
 1.380000000E-001 -1.910302070E+002  1.571384160E+000 
 1.390000000E-001 -1.004305232E+002  1.785212458E+000 
 1.400000000E-001  9.508595089E-010  2.022242951E+000 
 1.410000000E-001  1.004305232E+002  2.259273445E+000 
 1.420000000E-001  1.910302070E+002  2.473101743E+000 
 1.430000000E-001  2.629305232E+002  2.642796841E+000 
 1.440000000E-001  3.090933678E+002  2.751747800E+000 
 1.450000000E-001  3.250000000E+002  2.789289742E+000 
 1.460000000E-001  3.090933678E+002  2.751747800E+000 
 1.470000000E-001  2.629305232E+002  2.642796841E+000 
 1.480000000E-001  1.910302070E+002  2.473101743E+000 
 1.490000000E-001  1.004305232E+002  2.259273445E+000 
 1.500000000E-001 -1.018942993E-009  2.022242951E+000 
 1.510000000E-001 -1.004305232E+002  1.785212458E+000 
 1.520000000E-001 -1.910302070E+002  1.571384160E+000 
 1.530000000E-001 -2.629305232E+002  1.401689062E+000 
 1.540000000E-001 -3.090933678E+002  1.292738103E+000 
 1.550000000E-001 -3.250000000E+002  1.255196160E+000 
 1.560000000E-001 -3.090933678E+002  1.292738103E+000 
 1.570000000E-001 -2.629305232E+002  1.401689062E+000 
 1.580000000E-001 -1.910302070E+002  1.571384160E+000 
 1.590000000E-001 -1.004305232E+002  1.785212458E+000 
 1.600000000E-001  1.087026476E-009  2.022242951E+000 
 1.610000000E-001  1.004305232E+002  2.259273445E+000 
 1.620000000E-001  1.910302070E+002  2.473101743E+000 
 1.630000000E-001  2.629305232E+002  2.642796841E+000 
 1.640000000E-001  3.090933678E+002  2.751747800E+000 
 1.650000000E-001  3.250000000E+002  2.789289742E+000 
 1.660000000E-001  3.090933678E+002  2.751747800E+000 
 1.670000000E-001  2.629305232E+002  2.642796841E+000 
 1.680000000E-001  1.910302070E+002  2.473101743E+000 
 1.690000000E-001  1.004305232E+002  2.259273445E+000 
 1.700000000E-001 -1.155109960E-009  2.022242951E+000 
 1.710000000E-001 -1.004305232E+002  1.785212458E+000 
 1.720000000E-001 -1.910302070E+002  1.571384160E+000 
 1.730000000E-001 -2.629305232E+002  1.401689062E+000 
 1.740000000E-001 -3.090933678E+002  1.292738103E+000 
 1.750000000E-001 -3.250000000E+002  1.255196160E+000 
 1.760000000E-001 -3.090933678E+002  1.292738103E+000 
 1.770000000E-001 -2.629305232E+002  1.401689062E+000 
 1.780000000E-001 -1.910302070E+002  1.571384160E+000 
 1.790000000E-001 -1.004305232E+002  1.785212458E+000 
 1.800000000E-001  1.223193444E-009  2.022242951E+000 
 1.810000000E-001  1.004305232E+002  2.259273445E+000 
 1.820000000E-001  1.910302070E+002  2.473101743E+000 
 1.830000000E-001  2.629305232E+002  2.642796841E+000 
 1.840000000E-001  3.090933678E+002  2.751747800E+000 
 1.850000000E-001  3.250000000E+002  2.789289742E+000 
 1.860000000E-001  3.090933678E+002  2.751747800E+000 
 1.870000000E-001  2.629305232E+002  2.642796841E+000 
 1.880000000E-001  1.910302070E+002  2.473101743E+000 
 1.890000000E-001  1.004305232E+002  2.259273445E+000 
 1.900000000E-001 -1.291276928E-009  2.022242951E+000 
 1.910000000E-001 -1.004305232E+002  1.785212458E+000 
 1.920000000E-001 -1.910302070E+002  1.571384160E+000 
 1.930000000E-001 -2.629305232E+002  1.401689062E+000 
 1.940000000E-001 -3.090933678E+002  1.292738103E+000 
 1.950000000E-001 -3.250000000E+002  1.255196160E+000 
 1.960000000E-001 -3.090933678E+002  1.292738103E+000 
 1.970000000E-001 -2.629305232E+002  1.401689062E+000 
 1.980000000E-001 -1.910302070E+002  1.571384160E+000 
 1.990000000E-001 -1.004305232E+002  1.785212458E+000 
 2.000000000E-001  1.359360412E-009  2.022242951E+000 
